.Random.seed <-
c(403L, 345L, 466518242L, 571224318L, 1659831217L, -1828342028L, 
-187731971L, -191574952L, 593310294L, 2030503161L, -2019120628L, 
2065134125L, -1095692012L, 1155448479L, 1791501079L, 1884340950L, 
-1200866289L, -783469010L, 2123932655L, 2017528751L, -1174718745L, 
-1958478085L, -996177727L, 1321906286L, 1641950176L, -2007543876L, 
-45992264L, 1094225776L, 2043382423L, 734542044L, 721678822L, 
-410552601L, 970705900L, 1150540491L, -1747740949L, 2080304647L, 
-1946741365L, -54315605L, -890919734L, 1579445093L, 784109481L, 
-1286533414L, -513961768L, -853593191L, 1813856753L, 819245390L, 
-168269004L, -1813141484L, 1496950766L, -1219932121L, 553985356L, 
-1874127135L, -251040572L, -1502144772L, 839226681L, 831070574L, 
1005556281L, 87794024L, -240294221L, 1462243939L, 2102078173L, 
1624224417L, -709089727L, 1118791852L, 1521191554L, -1166562945L, 
-80967460L, 248051414L, 1577082984L, 204705686L, -259234985L, 
373178625L, -1412885991L, 1848063043L, 779066098L, -297558133L, 
649811896L, -1247593606L, -1721723417L, -723522569L, 1159229603L, 
-1497311108L, -33590372L, 535208948L, -313801582L, -666965754L, 
-192796686L, -1874710363L, 1453706670L, -1812258558L, 155340331L, 
1204170780L, 1289908667L, 1277178374L, -702772274L, -1107516703L, 
-2069073995L, -751624377L, 307029504L, 784247071L, -810700091L, 
1077726965L, 385709311L, 429522943L, -2060728351L, -503576757L, 
-1769240718L, 761713850L, -851526661L, 1027602798L, 1916814116L, 
918215301L, 1441984231L, 909434579L, -834459498L, -238637773L, 
1379262329L, -107434677L, 1428494261L, 844243316L, -1797251220L, 
522027541L, 29713364L, 1889380660L, 1382466700L, -134276856L, 
704738115L, 356546286L, -1064658753L, -1387513318L, -208917234L, 
411967655L, -2142861216L, 936763158L, -116881317L, 901851781L, 
-1158806375L, -1898443540L, -178662401L, -456076676L, -2085852343L, 
632908151L, 484356066L, -837625756L, -1283867329L, -187810352L, 
1938370802L, 1642704627L, -141604195L, -455242114L, -1801064257L, 
1285825509L, -1926302922L, 1754960482L, 1296557995L, 2075250924L, 
988792631L, 1334945646L, 1290494768L, 1766592624L, 1575204555L, 
-1847491092L, 2022061931L, 491209837L, -676894642L, -2012768770L, 
-1970395865L, -1504763450L, 38322895L, -1527453327L, -2032782740L, 
1782237035L, -1010787108L, 1948058332L, 1901385292L, -2007526111L, 
2131303456L, 1671143709L, -439878447L, -1149547921L, 1678964783L, 
664567585L, -1529442878L, 1364604043L, -1890046576L, -1607125540L, 
-805394451L, -1146339344L, 737040530L, 54555092L, -1876425185L, 
-1991406105L, -708388149L, -1974831146L, -576020386L, 850018617L, 
890793406L, 579774183L, -693957322L, 1866202732L, 117037733L, 
-1112952478L, 465161241L, 1630447155L, -315382056L, -126987575L, 
428958706L, -554133625L, -1161464610L, 1737520295L, -1244506824L, 
-2081768463L, 1370662085L, -931056328L, -384804668L, 1811857019L, 
-803403879L, -1922749122L, -495948472L, 925670674L, 135291262L, 
-1783584769L, 1460134104L, 1585174700L, -288728367L, -641925235L, 
1496759770L, 1826811632L, -1948485398L, -1251264953L, 63598269L, 
764378764L, 1167527850L, 131699229L, -2030973576L, -737759260L, 
1543981533L, -67155957L, 276617909L, -2132402098L, -998433496L, 
-476997486L, -102027186L, 2002854725L, -1810556627L, -1069906933L, 
1239585024L, 1885404032L, 620456842L, -2088098971L, 390273595L, 
-1674135731L, 327626281L, 37015900L, 535418547L, -403525565L, 
1051189724L, 574428862L, -1562796696L, -1192485856L, -1495554265L, 
1416304908L, -1203395979L, -2072674464L, -2061468183L, 1242705581L, 
1432629786L, -857821334L, 1475013853L, -70031130L, -881550504L, 
-2018583074L, 1595726827L, 160828609L, -1765942709L, 421514079L, 
-2031685217L, -28864357L, -1340802755L, -1713843312L, -848143008L, 
-734666705L, -1075881739L, -1926099111L, -712352435L, -1513660971L, 
-721442106L, -1432393811L, 1163385602L, 1510836644L, -1431673532L, 
221358472L, 1766717873L, 966024937L, -1689694364L, 1346680832L, 
1119883743L, -439925477L, -330802382L, -1670266529L, 1106257014L, 
-766556361L, -485980099L, -438454635L, -1510129235L, -477302422L, 
-1954600138L, -513996432L, -1657393563L, 409222582L, -58653055L, 
-1695787103L, 585303828L, -279453513L, 807947430L, 529941341L, 
-217536635L, -675141191L, 1781631539L, 986415354L, 1930397276L, 
814439853L, -1186852062L, 1087340137L, 398827619L, -720533307L, 
-1230281703L, -1814652377L, -1074831483L, 1660661212L, -648065753L, 
553749275L, -111830485L, -1331253930L, 2147097784L, -1023042442L, 
-1880183533L, 1988881654L, -1363667943L, -542353824L, 1199524727L, 
-1151163663L, -295404517L, 768811259L, 89220001L, -920305040L, 
1351929322L, -551642010L, 405484383L, 296206300L, -1034804713L, 
845632585L, 565293204L, 2087071080L, 2059349237L, -1888148553L, 
-847764516L, 1556881862L, -341495833L, -2004344488L, -1710791893L, 
-241951005L, 2132857495L, 606457663L, 1861889203L, 1636628156L, 
730647267L, -1532937300L, 791972019L, -1031096449L, -1376609424L, 
-1037667339L, 1571415702L, -888275197L, 540762493L, -512026264L, 
1126155466L, 1401927479L, -309369567L, 1249380349L, -1363721199L, 
-2142605050L, 2000143721L, 914776468L, 1350286108L, 1080176097L, 
572094567L, -1476596744L, 1077875904L, 1607147847L, 203981939L, 
466697173L, -1450861665L, 1178458074L, 267782484L, -993178497L, 
1189237549L, 234554313L, -689447260L, 940619109L, -1186746615L, 
863664813L, 1412600612L, 1872168885L, -2126084571L, -562452301L, 
937029415L, -1388372508L, -1060594620L, 458371030L, 1141763463L, 
829198551L, -634281976L, -1755942210L, -767403410L, 1735146913L, 
1712642756L, 1812668460L, 1212960217L, 318974576L, -497478792L, 
-663930541L, -389675511L, 1046625811L, 1603494453L, -1176526502L, 
306815135L, -1429534530L, -1096457804L, 1522747814L, 1005526765L, 
1230579805L, 1334873147L, 1167490958L, -1138455765L, -1946642569L, 
960326584L, 1690561250L, -1938910496L, 1326389060L, 498479148L, 
-646394883L, -1182989708L, 1087292069L, 840748063L, -1412954222L, 
1857137620L, -827719732L, -660297940L, -1632499230L, 1052535864L, 
1653848750L, 26217170L, 212830879L, -459803307L, -233603676L, 
-1295728628L, -347098247L, 1970216170L, -1377139164L, -1368477573L, 
-1439889754L, -715841667L, -906662495L, -2132241067L, -289997309L, 
1042110272L, 2069317796L, 1841390276L, 2134776385L, -1958350649L, 
-1134965758L, 1413076506L, -188692397L, -1197487191L, -2037513435L, 
1930146392L, 1482109035L, 172854780L, 720487716L, -1761025319L, 
-53032572L, -482453461L, 1934939926L, -718157851L, 1125689617L, 
-1573246189L, -2123560162L, -323204189L, -1059993859L, 868487869L, 
1942558029L, 1155549562L, 904710933L, -511830569L, 384811519L, 
1878092083L, -1198192215L, -2022785204L, 1310175589L, 2092762230L, 
749996207L, 1477356468L, 780722411L, 1789828469L, -1742611896L, 
-1133738786L, -961986375L, 2069248558L, 314844734L, 846937999L, 
-1336633293L, -55402100L, 2057963576L, -112190390L, -13641087L, 
354171226L, 1285744849L, -1795299270L, -189118302L, 418032167L, 
-1130530153L, 1131629832L, -2061910265L, 694581902L, 401260092L, 
679104844L, -941424179L, 2041928078L, -1539793832L, -383668358L, 
1694105470L, 787381612L, 761971893L, -828288435L, 748012572L, 
-555141636L, -2122346584L, -294712921L, -1497758688L, 605673768L, 
416859312L, 1296340534L, -259913627L, -2054526698L, -1761504186L, 
1189896989L, -752970552L, -1002336905L, 1199068737L, 1561029246L, 
1922569291L, 978678071L, -529638627L, 1834939310L, -564358202L, 
1698943088L, 161796375L, 950444118L, 1327085852L, 606867043L, 
196622645L, -887522035L, -2108150968L, -286160197L, -1607111241L, 
284253564L, 939310364L, 1976064557L, -1050736470L, -1319802871L, 
-332495309L, -1557714516L, -591778955L, 18248069L, -67524041L, 
-1383602729L, 585195802L, 2022865609L, 237166962L, 798713644L, 
1558674904L, 529448058L, 251385381L, 248349246L, 2143442316L, 
-1301319814L, -534995425L, -1201981257L, 431563541L, -465352457L, 
-866920347L, 2079862666L, 1133496706L, 1415028546L, -953035110L, 
-1114612710L, 67419698L, 1581294778L, -2092107311L, 1199345789L, 
