.Random.seed <-
c(403L, 1L, 1380328203L, 1843744233L, -1562633544L, -404767386L, 
700708353L, 1059823763L, -226485438L, 1098929396L, -1426079497L, 
-1150207763L, -1909326972L, 1074714026L, -557233387L, -1011992145L, 
967932342L, -958160928L, 349122339L, -2124070847L, 1620974384L, 
2036076878L, -390347847L, -739330613L, -722139526L, 2037787516L, 
-1848941633L, 479906965L, 2076676780L, -1260236670L, -440344483L, 
219518807L, -541914562L, -1997504904L, -169697957L, 593644729L, 
-1240308472L, 44787638L, -1254994703L, 2002389795L, -1071198862L, 
1287940036L, 150455175L, 1785237853L, 832540500L, -696019590L, 
1779003589L, 1238815263L, 988583334L, 956880688L, -569614893L, 
1007676401L, -1796092640L, -212710466L, 1510065097L, -1351543941L, 
865464650L, 735894956L, 1725016239L, 1206678117L, 592030236L, 
513803378L, 525695725L, 526018343L, -883653810L, -608007256L, 
-1550110805L, -2102985527L, -131101480L, 1659359622L, 425224289L, 
-8795661L, 172341346L, -1086148908L, -1279182889L, -59464243L, 
2088337764L, 1309951306L, -545504075L, 1380697103L, -650257130L, 
-199825472L, 878285699L, -2056478303L, 1456491920L, -1840005522L, 
-314120167L, -996526933L, -1582888806L, 148756572L, 443061599L, 
731668277L, 1278063308L, 108589090L, 2145360509L, 1388195703L, 
-1667981154L, -63086760L, 447417019L, 209278041L, 2061045736L, 
-1490265578L, -1308844655L, -581908925L, 835753298L, -1485473308L, 
-1142802393L, 526861437L, -651368076L, 1933714778L, -1133628507L, 
828482495L, 1529565254L, 901717712L, -861460237L, 435437073L, 
740411456L, 1709997086L, 1058937577L, -1497104357L, 834668586L, 
646912844L, -623953649L, 972418117L, -72126980L, 125328466L, 
-1543111219L, -1348526201L, 1195940462L, -712254904L, -180540341L, 
2091863465L, -1628806920L, -1813199834L, 476120385L, 673985235L, 
2093972098L, 1083875508L, -1129426889L, 890815277L, -573081532L, 
1241220458L, 2102800853L, 2028234607L, -813556106L, 761172384L, 
-282929565L, 250670849L, -1655824784L, -1164035570L, -227970439L, 
-127082997L, 492810042L, 1577244220L, 628899199L, 965496533L, 
-1075044628L, 443232322L, -1924458595L, 1354475031L, -766125186L, 
-1978468040L, -1552099813L, -254363783L, -950472248L, 1373220342L, 
-497479631L, 498637411L, 2110539314L, 470602628L, -207048249L, 
1783568541L, 649302036L, -2019891526L, 2137192197L, -1628465953L, 
-1024076442L, -1342594832L, 1463428115L, 1049995697L, 357540960L, 
402158078L, -1021389431L, 356750011L, 290094730L, -51660436L, 
388169455L, 492718373L, 326281180L, -1723578958L, 249844909L, 
128939111L, 1711147918L, -1543091096L, -412669845L, 968077833L, 
-1405420392L, 893464518L, -1035353311L, -1676701773L, -1266342110L, 
-304547564L, 1778309527L, -158479987L, -35188572L, -523089270L, 
1593671925L, 1457940303L, -1709776810L, -2127246592L, 743800387L, 
-1290648095L, -1650126512L, -1819883602L, 2078211417L, 124619627L, 
-1924199718L, 387754908L, 1746696095L, -1772306955L, -1546235764L, 
24645986L, 513215805L, -571179593L, -541111714L, 1084005272L, 
1324954363L, -1909753191L, -1834974424L, -2073913504L, 181674722L, 
798019752L, -2009211700L, -936603140L, 1369253810L, 531581424L, 
761083332L, 2140222296L, -642773126L, 186279344L, 7658940L, 469134420L, 
-2122592318L, -100722912L, -1280269380L, -405561776L, -157099550L, 
-1630476952L, 1787647308L, 851115260L, -379329806L, 707267328L, 
1192881780L, 2034891784L, 65145274L, -1205376048L, -712927764L, 
798097300L, 1994280658L, 326519392L, -749611700L, 1840353568L, 
416065154L, 2016101864L, 1709726700L, 2071665212L, 702326386L, 
1826134896L, 730462500L, -655955400L, 96643482L, -529551920L, 
-1235956292L, -407116652L, 2024788098L, -1505610304L, 2089191228L, 
974542992L, 752814882L, 1048101384L, -1496350452L, -1638848100L, 
-107668974L, -1729912960L, 1428730644L, -1110632152L, 1753440314L, 
-2004970544L, 558515820L, -800214476L, 638883474L, 175017312L, 
-393993908L, 733737952L, -170917470L, 330654120L, 1765916300L, 
-156977732L, -1489034638L, -1525928976L, -620553660L, 965828696L, 
-717982662L, -2131125136L, 587613244L, 75554068L, 1062527682L, 
1568806624L, -1404117892L, -667073840L, -282697310L, -1505356760L, 
-1647241460L, 64210364L, -1557469390L, 1851690688L, 1571760180L, 
-1329074488L, 1181001914L, -1185250672L, 442296044L, -770993580L, 
296029842L, 986436896L, -1886528052L, -1641173280L, 2049768642L, 
-418161624L, -1080319060L, 877610684L, -271349774L, -134565328L, 
-1353655388L, 1934271928L, 1941325658L, 1133238416L, 1830037372L, 
1313285396L, 1421197634L, -181076736L, 1378083260L, 1689427280L, 
183830818L, -875515320L, 1304927244L, -477892004L, -2135181870L, 
-293569024L, 1742229844L, 134612200L, 848795898L, 809497296L, 
2101681964L, 2146909428L, -475826798L, -1718015648L, -1002379252L, 
800925920L, 1186571874L, 1576923304L, -204531636L, -298100868L, 
569089330L, -1922003344L, 771737412L, 1305316312L, 146673530L, 
1737933872L, 1244979132L, -887088556L, 692113474L, 602560160L, 
1310067388L, 973785040L, 1899014498L, 313051880L, -1495575348L, 
865749500L, -1431277070L, -1141469056L, 638561780L, -240530808L, 
1685833530L, 2110601552L, 1846212716L, 635831700L, 1560636498L, 
923734496L, -1299169076L, 1684023968L, -1706004094L, 1934841064L, 
1481620204L, 405238076L, 488156274L, -1109402000L, 945935908L, 
1352048696L, 1866544410L, -1920306992L, -986649284L, -1238544492L, 
-1301039230L, 1372352448L, -557928900L, -1371430512L, 1975927842L, 
-828399352L, 696460428L, 999969564L, 1729122450L, -665501312L, 
-638960620L, -1252215000L, 1062895162L, -1590582832L, -1543904916L, 
-2013876300L, 1090598418L, -1986620448L, -1396353588L, 943932640L, 
1824688162L, 1358466856L, 1744537100L, 2023902012L, -1550361614L, 
1776800496L, -1636793788L, -1752455592L, -455151814L, 682355696L, 
-1228906820L, -1404838636L, 773898434L, 1983710304L, -323972740L, 
-213053488L, -979736286L, 112795304L, -453028980L, -808119108L, 
387802930L, 109146688L, 2122566836L, -450993080L, -276250182L, 
1863872016L, 1376045292L, -871640748L, -505237742L, 1596585376L, 
1508166348L, -985668000L, -527876158L, 293215016L, -882965734L, 
-1165458033L, 1521310425L, 502658414L, -1615898372L, -2044108179L, 
91160087L, -821527584L, 1889683390L, 1051915659L, 1965696525L, 
-1699759558L, 840569464L, 176568865L, -774499117L, 1799787508L, 
-499141502L, 1219927319L, -535770143L, -2091983578L, 1877597220L, 
629085909L, 127685247L, -983088360L, 1669503542L, -1246053181L, 
-2128408315L, 287377570L, 404725392L, -1222501831L, 1553179371L, 
1512842204L, 91964938L, -1891534593L, 774970697L, -556085538L, 
957478028L, -56359843L, 1434286695L, -2049236080L, -1914910802L, 
-1112078757L, -359966147L, 2122509482L, -909075128L, -88366735L, 
-1958721821L, -1199583772L, 1147748626L, -331170585L, 1790266033L, 
1585959158L, -740713708L, 1519547429L, -217296593L, -1491704088L, 
-15182906L, -721238413L, -956454699L, -1135054158L, -172164480L, 
-1803519383L, 1936109275L, 144476716L, 1958052410L, 552307951L, 
1326342009L, -1296309234L, -361932324L, 86293069L, -1790473801L, 
605955904L, 1556307486L, 41396459L, -1308010387L, -1294896934L, 
2087555224L, -1763743999L, 711093427L, 1779255252L, -1813830942L, 
436814711L, -698159423L, 765093446L, 2122307972L, 1180378933L, 
646731039L, -1522205576L, -486446762L, -1390966813L, -1429892699L, 
-557497278L, -813262288L, -1821543847L, 1964975051L, 578536508L, 
-644232598L, -1707226977L, -1363189463L, 1570108862L, 1900250284L, 
100205053L, -771471033L, 1832059440L, 1642922830L, -1341143173L, 
332689629L, -1804715766L, 857398312L, -291909487L, -1799625597L, 
-1236449916L, 168256434L, -1217581817L, -8243375L, -819923242L, 
-995446860L, 1249902533L, -802554097L, -192283256L, 1674385574L, 
-1778612141L, 1432089013L, -1393920238L, 851090656L, 1123414345L, 
-1182708869L, 1339340364L, 1641383898L, -700099121L, 2122621849L, 
1314239406L, -1583073092L, -1275457235L, -1518640425L, -306148576L, 
195816574L, -346238389L, 615211085L, -1928823174L, -292985160L, 
-256547743L, 187696659L, -897577932L, 129708610L, -1900800425L, 
407563681L, 632475238L, 1257651812L, 1178516885L, -1773588801L, 
